age_yrBP1950	TS_EDC	TS_EDC_lower	TS_EDC_upper
0	-54.73	-54.73	-54.72
40	-54.86	-54.87	-54.85
80	-55.07	-55.09	-55.06
120	-55.26	-55.23	-55.18
160	-55.38	-55.38	-55.32
200	-55.48	-55.50	-55.41
240	-55.51	-55.62	-55.52
280	-55.64	-55.69	-55.58
320	-55.73	-55.76	-55.63
360	-55.78	-55.80	-55.66
400	-55.78	-55.81	-55.65
440	-55.70	-55.77	-55.60
480	-55.61	-55.68	-55.49
520	-55.48	-55.57	-55.37
560	-55.34	-55.51	-55.29
600	-55.30	-55.50	-55.27
640	-55.35	-55.56	-55.31
680	-55.51	-55.59	-55.33
720	-55.60	-55.63	-55.35
760	-55.55	-55.63	-55.33
800	-55.43	-55.61	-55.30
840	-55.32	-55.60	-55.27
880	-55.35	-55.60	-55.25
920	-55.47	-55.63	-55.27
960	-55.56	-55.68	-55.31
1000	-55.57	-55.71	-55.32
1040	-55.50	-55.70	-55.29
1080	-55.41	-55.63	-55.21
1120	-55.33	-55.56	-55.12
1160	-55.25	-55.50	-55.04
1200	-55.19	-55.45	-54.98
1240	-55.16	-55.41	-54.93
1280	-55.13	-55.39	-54.89
1320	-55.11	-55.41	-54.89
1360	-55.14	-55.45	-54.92
1400	-55.21	-55.53	-54.98
1440	-55.33	-55.60	-55.04
1480	-55.42	-55.68	-55.10
1520	-55.48	-55.76	-55.16
1560	-55.50	-55.82	-55.21
1600	-55.52	-55.85	-55.23
1640	-55.57	-55.87	-55.23
1680	-55.58	-55.89	-55.24
1720	-55.57	-55.92	-55.25
1760	-55.58	-55.93	-55.24
1800	-55.57	-55.93	-55.22
1840	-55.56	-55.90	-55.18
1880	-55.53	-55.89	-55.16
1920	-55.48	-55.89	-55.14
1960	-55.47	-55.88	-55.11
2000	-55.47	-55.89	-55.11
2040	-55.51	-55.90	-55.10
2080	-55.52	-55.94	-55.13
2120	-55.54	-55.96	-55.13
2160	-55.55	-55.96	-55.11
2200	-55.53	-55.96	-55.10
2240	-55.52	-55.99	-55.11
2280	-55.52	-56.06	-55.17
2320	-55.64	-56.14	-55.23
2360	-55.79	-56.21	-55.29
2400	-55.87	-56.25	-55.31
2440	-55.85	-56.23	-55.28
2480	-55.68	-56.15	-55.18
2520	-55.48	-56.00	-55.02
2560	-55.30	-55.88	-54.88
2600	-55.22	-55.78	-54.77
2640	-55.18	-55.72	-54.69
2680	-55.16	-55.67	-54.62
2720	-55.12	-55.61	-54.55
2760	-54.99	-55.57	-54.50
2800	-54.93	-55.56	-54.47
2840	-54.95	-55.60	-54.49
2880	-55.06	-55.69	-54.57
2920	-55.28	-55.81	-54.67
2960	-55.40	-55.94	-54.79
3000	-55.48	-55.99	-54.82
3040	-55.44	-56.02	-54.84
3080	-55.38	-56.02	-54.82
3120	-55.35	-56.04	-54.82
3160	-55.41	-56.11	-54.88
3200	-55.57	-56.18	-54.93
3240	-55.66	-56.27	-55.00
3280	-55.74	-56.33	-55.05
3320	-55.72	-56.36	-55.07
3360	-55.67	-56.34	-55.03
3400	-55.63	-56.28	-54.95
3440	-55.55	-56.23	-54.89
3480	-55.47	-56.17	-54.81
3520	-55.39	-56.09	-54.72
3560	-55.31	-56.02	-54.63
3600	-55.24	-55.95	-54.55
3640	-55.15	-55.91	-54.49
3680	-55.11	-55.88	-54.44
3720	-55.11	-55.90	-54.45
3760	-55.17	-55.95	-54.48
3800	-55.26	-56.01	-54.53
3840	-55.35	-56.10	-54.60
3880	-55.41	-56.16	-54.64
3920	-55.44	-56.19	-54.66
3960	-55.43	-56.19	-54.64
4000	-55.38	-56.16	-54.60
4040	-55.32	-56.12	-54.54
4080	-55.24	-56.09	-54.50
4120	-55.21	-56.06	-54.45
4160	-55.21	-56.02	-54.40
4200	-55.19	-56.02	-54.38
4240	-55.18	-56.03	-54.37
4280	-55.16	-56.06	-54.39
4320	-55.22	-56.09	-54.40
4360	-55.27	-56.11	-54.41
4400	-55.30	-56.16	-54.44
4440	-55.33	-56.20	-54.47
4480	-55.32	-56.24	-54.49
4520	-55.36	-56.25	-54.49
4560	-55.40	-56.28	-54.50
4600	-55.39	-56.29	-54.50
4640	-55.38	-56.32	-54.51
4680	-55.40	-56.36	-54.54
4720	-55.44	-56.40	-54.56
4760	-55.52	-56.42	-54.56
4800	-55.53	-56.42	-54.55
4840	-55.46	-56.39	-54.50
4880	-55.35	-56.35	-54.45
4920	-55.28	-56.32	-54.40
4960	-55.27	-56.31	-54.38
5000	-55.34	-56.32	-54.37
5040	-55.38	-56.34	-54.37
5080	-55.37	-56.34	-54.36
5120	-55.31	-56.34	-54.35
5160	-55.27	-56.35	-54.34
5200	-55.29	-56.34	-54.31
5240	-55.33	-56.36	-54.31
5280	-55.36	-56.38	-54.32
5320	-55.35	-56.45	-54.37
5360	-55.40	-56.54	-54.45
5400	-55.53	-56.67	-54.56
5440	-55.74	-56.75	-54.63
5480	-55.84	-56.82	-54.68
5520	-55.83	-56.83	-54.68
5560	-55.68	-56.78	-54.62
5600	-55.52	-56.69	-54.51
5640	-55.44	-56.58	-54.38
5680	-55.37	-56.51	-54.30
5720	-55.33	-56.44	-54.21
5760	-55.25	-56.42	-54.17
5800	-55.20	-56.43	-54.17
5840	-55.25	-56.48	-54.20
5880	-55.37	-56.56	-54.26
5920	-55.52	-56.65	-54.34
5960	-55.62	-56.72	-54.40
6000	-55.60	-56.76	-54.42
6040	-55.55	-56.76	-54.41
6080	-55.51	-56.75	-54.38
6120	-55.49	-56.75	-54.36
6160	-55.54	-56.77	-54.36
6200	-55.59	-56.83	-54.41
6240	-55.64	-56.90	-54.46
6280	-55.72	-56.97	-54.52
6320	-55.79	-57.02	-54.56
6360	-55.83	-57.05	-54.57
6400	-55.82	-57.05	-54.56
6440	-55.75	-57.03	-54.52
6480	-55.68	-57.04	-54.51
6520	-55.72	-57.06	-54.52
6560	-55.78	-57.12	-54.56
6600	-55.91	-57.15	-54.57
6640	-55.93	-57.19	-54.60
6680	-55.89	-57.19	-54.59
6720	-55.81	-57.16	-54.54
6760	-55.75	-57.10	-54.47
6800	-55.70	-57.03	-54.38
6840	-55.63	-56.99	-54.32
6880	-55.56	-56.97	-54.29
6920	-55.54	-57.01	-54.31
6960	-55.63	-57.05	-54.33
7000	-55.75	-57.13	-54.40
7040	-55.88	-57.26	-54.51
7080	-55.98	-57.40	-54.64
7120	-56.08	-57.50	-54.73
7160	-56.20	-57.57	-54.78
7200	-56.25	-57.59	-54.78
7240	-56.17	-57.58	-54.75
7280	-56.08	-57.54	-54.70
7320	-55.97	-57.50	-54.64
7360	-55.96	-57.47	-54.60
7400	-56.01	-57.45	-54.57
7440	-56.01	-57.41	-54.51
7480	-55.93	-57.34	-54.43
7520	-55.76	-57.29	-54.35
7560	-55.63	-57.19	-54.24
7600	-55.57	-57.15	-54.18
7640	-55.61	-57.12	-54.14
7680	-55.63	-57.13	-54.14
7720	-55.64	-57.19	-54.18
7760	-55.69	-57.23	-54.21
7800	-55.70	-57.28	-54.24
7840	-55.78	-57.30	-54.24
7880	-55.80	-57.35	-54.28
7920	-55.80	-57.43	-54.34
7960	-55.88	-57.53	-54.42
8000	-56.03	-57.63	-54.51
8040	-56.18	-57.75	-54.61
8080	-56.32	-57.88	-54.73
8120	-56.39	-57.99	-54.82
8160	-56.43	-58.02	-54.84
8200	-56.44	-58.02	-54.82
8240	-56.36	-57.99	-54.78
8280	-56.30	-57.97	-54.74
8320	-56.26	-57.96	-54.72
8360	-56.27	-57.94	-54.68
8400	-56.30	-57.93	-54.65
8440	-56.29	-57.89	-54.60
8480	-56.16	-57.83	-54.52
8520	-56.03	-57.74	-54.41
8560	-55.91	-57.65	-54.31
8600	-55.82	-57.60	-54.24
8640	-55.84	-57.59	-54.22
8680	-55.88	-57.64	-54.25
8720	-55.97	-57.68	-54.28
8760	-56.03	-57.72	-54.31
8800	-56.02	-57.73	-54.30
8840	-55.98	-57.69	-54.24
8880	-55.85	-57.63	-54.16
8920	-55.76	-57.55	-54.07
8960	-55.68	-57.50	-54.00
9000	-55.64	-57.48	-53.97
9040	-55.69	-57.51	-53.99
9080	-55.76	-57.55	-54.01
9120	-55.80	-57.56	-54.01
9160	-55.79	-57.56	-53.98
9200	-55.71	-57.52	-53.93
9240	-55.58	-57.45	-53.85
9280	-55.52	-57.38	-53.76
9320	-55.46	-57.30	-53.66
9360	-55.38	-57.25	-53.60
9400	-55.34	-57.24	-53.57
9440	-55.31	-57.24	-53.56
9480	-55.35	-57.25	-53.55
9520	-55.42	-57.26	-53.55
9560	-55.42	-57.26	-53.53
9600	-55.34	-57.22	-53.48
9640	-55.24	-57.14	-53.38
9680	-55.10	-57.07	-53.29
9720	-55.03	-57.03	-53.24
9760	-55.05	-57.05	-53.25
9800	-55.12	-57.13	-53.31
9840	-55.29	-57.20	-53.36
9880	-55.38	-57.30	-53.44
9920	-55.42	-57.34	-53.47
9960	-55.39	-57.34	-53.46
10000	-55.32	-57.31	-53.41
10040	-55.25	-57.22	-53.31
10080	-55.14	-57.15	-53.22
10120	-55.06	-57.10	-53.16
10160	-55.01	-57.10	-53.14
10200	-55.05	-57.12	-53.14
10240	-55.14	-57.19	-53.20
10280	-55.26	-57.28	-53.27
10320	-55.34	-57.37	-53.35
10360	-55.40	-57.44	-53.40
10400	-55.43	-57.44	-53.38
10440	-55.37	-57.36	-53.29
10480	-55.22	-57.26	-53.18
10520	-55.03	-57.19	-53.09
10560	-54.93	-57.14	-53.02
10600	-54.96	-57.14	-53.01
10640	-55.08	-57.20	-53.05
10680	-55.21	-57.30	-53.13
10720	-55.29	-57.39	-53.21
10760	-55.32	-57.43	-53.24
10800	-55.33	-57.45	-53.24
10840	-55.31	-57.44	-53.21
10880	-55.28	-57.45	-53.20
10920	-55.29	-57.47	-53.20
10960	-55.31	-57.46	-53.18
11000	-55.31	-57.47	-53.17
11040	-55.34	-57.50	-53.18
11080	-55.31	-57.54	-53.21
11120	-55.35	-57.54	-53.19
11160	-55.37	-57.54	-53.18
11200	-55.36	-57.54	-53.16
11240	-55.32	-57.51	-53.12
11280	-55.23	-57.48	-53.07
11320	-55.19	-57.44	-53.02
11360	-55.17	-57.42	-52.99
11400	-55.16	-57.41	-52.96
11440	-55.18	-57.39	-52.92
11480	-55.12	-57.37	-52.90
11520	-55.06	-57.35	-52.86
11560	-55.05	-57.36	-52.86
11600	-55.07	-57.40	-52.88
11640	-55.16	-57.42	-52.90
11680	-55.22	-57.46	-52.92
11720	-55.22	-57.51	-52.96
11760	-55.21	-57.58	-53.02
11800	-55.29	-57.67	-53.09
11840	-55.44	-57.81	-53.22
11880	-55.66	-57.99	-53.38
11920	-55.88	-58.16	-53.55
11960	-56.02	-58.30	-53.68
12000	-56.11	-58.42	-53.79
12040	-56.15	-58.53	-53.88
12080	-56.22	-58.64	-53.99
12120	-56.38	-58.78	-54.12
12160	-56.58	-58.92	-54.25
12200	-56.75	-59.01	-54.33
12240	-56.78	-59.08	-54.40
12280	-56.74	-59.12	-54.44
12320	-56.72	-59.16	-54.49
12360	-56.80	-59.20	-54.53
12400	-56.95	-59.25	-54.59
12440	-57.06	-59.33	-54.67
12480	-57.09	-59.42	-54.75
12520	-57.10	-59.52	-54.86
12560	-57.21	-59.62	-54.96
12600	-57.38	-59.73	-55.07
12640	-57.58	-59.83	-55.17
12680	-57.66	-59.89	-55.24
12720	-57.61	-59.92	-55.27
12760	-57.54	-59.90	-55.25
12800	-57.50	-59.86	-55.21
12840	-57.50	-59.81	-55.17
12880	-57.50	-59.78	-55.14
12920	-57.44	-59.75	-55.12
12960	-57.38	-59.72	-55.08
13000	-57.32	-59.67	-55.03
13040	-57.28	-59.63	-55.00
13080	-57.26	-59.61	-54.98
13120	-57.25	-59.59	-54.96
13160	-57.23	-59.55	-54.92
13200	-57.19	-59.49	-54.86
13240	-57.11	-59.41	-54.77
13280	-56.99	-59.34	-54.70
13320	-56.91	-59.30	-54.65
13360	-56.90	-59.31	-54.66
13400	-56.99	-59.36	-54.71
13440	-57.14	-59.43	-54.78
13480	-57.22	-59.46	-54.82
13520	-57.18	-59.44	-54.80
13560	-57.05	-59.40	-54.77
13600	-56.92	-59.37	-54.75
13640	-56.93	-59.35	-54.74
13680	-57.03	-59.38	-54.78
13720	-57.15	-59.42	-54.82
13760	-57.19	-59.42	-54.83
13800	-57.08	-59.37	-54.79
13840	-56.92	-59.27	-54.70
13880	-56.76	-59.17	-54.60
13920	-56.69	-59.06	-54.50
13960	-56.63	-58.95	-54.39
14000	-56.54	-58.83	-54.26
14040	-56.37	-58.71	-54.15
14080	-56.19	-58.62	-54.05
14120	-56.10	-58.54	-53.96
14160	-56.10	-58.47	-53.88
14200	-56.12	-58.43	-53.82
14240	-56.08	-58.37	-53.74
14280	-55.92	-58.25	-53.61
14320	-55.72	-58.09	-53.43
14360	-55.50	-57.90	-53.24
14400	-55.31	-57.79	-53.12
14440	-55.28	-57.77	-53.09
14480	-55.38	-57.83	-53.15
14520	-55.57	-57.96	-53.27
14560	-55.81	-58.12	-53.42
14600	-55.94	-58.28	-53.58
14640	-56.04	-58.42	-53.71
14680	-56.16	-58.54	-53.84
14720	-56.27	-58.65	-53.95
14760	-56.42	-58.74	-54.04
14800	-56.51	-58.79	-54.10
14840	-56.50	-58.80	-54.10
14880	-56.42	-58.74	-54.05
14920	-56.29	-58.67	-54.00
14960	-56.20	-58.60	-53.94
15000	-56.18	-58.55	-53.90
15040	-56.19	-58.56	-53.92
15080	-56.27	-58.58	-53.96
15120	-56.31	-58.63	-54.03
15160	-56.37	-58.66	-54.07
15200	-56.40	-58.68	-54.11
15240	-56.38	-58.71	-54.16
15280	-56.43	-58.76	-54.23
15320	-56.51	-58.86	-54.35
15360	-56.67	-58.97	-54.47
15400	-56.88	-59.11	-54.63
15440	-57.03	-59.24	-54.78
15480	-57.11	-59.31	-54.87
15520	-57.13	-59.34	-54.92
15560	-57.10	-59.33	-54.93
15600	-57.07	-59.32	-54.94
15640	-57.08	-59.32	-54.96
15680	-57.12	-59.32	-54.98
15720	-57.14	-59.32	-54.99
15760	-57.15	-59.31	-55.00
15800	-57.10	-59.29	-55.00
15840	-57.06	-59.28	-55.00
15880	-57.07	-59.28	-55.02
15920	-57.12	-59.31	-55.07
15960	-57.21	-59.37	-55.15
16000	-57.30	-59.45	-55.24
16040	-57.37	-59.51	-55.32
16080	-57.43	-59.58	-55.41
16120	-57.50	-59.66	-55.50
16160	-57.58	-59.73	-55.59
16200	-57.67	-59.79	-55.65
16240	-57.73	-59.82	-55.69
16280	-57.71	-59.82	-55.69
16320	-57.64	-59.80	-55.68
16360	-57.57	-59.79	-55.68
16400	-57.57	-59.78	-55.68
16440	-57.63	-59.79	-55.70
16480	-57.70	-59.82	-55.74
16520	-57.72	-59.85	-55.79
16560	-57.71	-59.88	-55.83
16600	-57.73	-59.92	-55.89
16640	-57.80	-60.00	-55.98
16680	-57.95	-60.10	-56.10
16720	-58.12	-60.23	-56.25
16760	-58.27	-60.32	-56.36
16800	-58.34	-60.40	-56.46
16840	-58.35	-60.45	-56.53
16880	-58.36	-60.50	-56.60
16920	-58.43	-60.56	-56.68
16960	-58.57	-60.64	-56.78
17000	-58.70	-60.76	-56.92
17040	-58.84	-60.87	-57.05
17080	-58.94	-60.95	-57.14
17120	-58.98	-60.98	-57.19
17160	-58.98	-60.96	-57.19
17200	-58.90	-60.92	-57.17
17240	-58.82	-60.86	-57.12
17280	-58.76	-60.82	-57.10
17320	-58.75	-60.84	-57.12
17360	-58.84	-60.89	-57.18
17400	-58.94	-60.98	-57.28
17440	-59.08	-61.08	-57.38
17480	-59.17	-61.18	-57.48
17520	-59.24	-61.26	-57.57
17560	-59.30	-61.34	-57.66
17600	-59.38	-61.42	-57.76
17640	-59.50	-61.52	-57.86
17680	-59.63	-61.61	-57.96
17720	-59.73	-61.66	-58.02
17760	-59.73	-61.65	-58.02
17800	-59.65	-61.62	-58.00
17840	-59.54	-61.56	-57.94
17880	-59.46	-61.49	-57.89
17920	-59.45	-61.45	-57.86
17960	-59.48	-61.46	-57.88
18000	-59.53	-61.51	-57.93
18040	-59.61	-61.59	-58.02
18080	-59.70	-61.65	-58.08
18120	-59.78	-61.67	-58.11
18160	-59.78	-61.67	-58.12
18200	-59.71	-61.65	-58.10
18240	-59.63	-61.61	-58.06
18280	-59.59	-61.57	-58.03
18320	-59.60	-61.56	-58.02
18360	-59.65	-61.59	-58.05
18400	-59.70	-61.64	-58.11
18440	-59.77	-61.70	-58.17
18480	-59.84	-61.75	-58.22
18520	-59.87	-61.76	-58.23
18560	-59.85	-61.72	-58.19
18600	-59.76	-61.65	-58.12
18640	-59.61	-61.58	-58.05
18680	-59.52	-61.51	-57.98
18720	-59.49	-61.50	-57.96
18760	-59.55	-61.50	-57.97
18800	-59.61	-61.55	-58.01
18840	-59.66	-61.60	-58.06
18880	-59.69	-61.64	-58.10
18920	-59.70	-61.67	-58.13
18960	-59.73	-61.69	-58.15
19000	-59.75	-61.70	-58.16
19040	-59.76	-61.71	-58.16
19080	-59.76	-61.72	-58.18
19120	-59.75	-61.73	-58.19
19160	-59.76	-61.72	-58.18
19200	-59.77	-61.70	-58.16
19240	-59.74	-61.67	-58.12
19280	-59.67	-61.61	-58.06
19320	-59.57	-61.54	-57.99
19360	-59.48	-61.46	-57.92
19400	-59.41	-61.41	-57.86
19440	-59.39	-61.41	-57.87
19480	-59.45	-61.45	-57.90
19520	-59.54	-61.51	-57.97
19560	-59.65	-61.59	-58.05
19600	-59.74	-61.68	-58.14
19640	-59.79	-61.77	-58.22
19680	-59.87	-61.83	-58.29
19720	-59.94	-61.90	-58.35
19760	-60.00	-61.95	-58.40
19800	-60.05	-61.98	-58.44
19840	-60.05	-61.99	-58.44
19880	-60.02	-61.94	-58.39
19920	-59.93	-61.85	-58.30
19960	-59.78	-61.73	-58.18
20000	-59.62	-61.64	-58.09
20040	-59.53	-61.60	-58.06
20080	-59.57	-61.63	-58.08
20120	-59.73	-61.69	-58.14
20160	-59.88	-61.76	-58.21
20200	-59.92	-61.79	-58.24
20240	-59.85	-61.77	-58.22
20280	-59.71	-61.71	-58.16
20320	-59.61	-61.65	-58.11
20360	-59.62	-61.62	-58.08
20400	-59.67	-61.64	-58.10
20440	-59.74	-61.69	-58.14
20480	-59.79	-61.75	-58.21
20520	-59.84	-61.81	-58.27
20560	-59.90	-61.88	-58.33
20600	-59.98	-61.92	-58.37
20640	-60.02	-61.92	-58.38
20680	-59.99	-61.89	-58.35
20720	-59.88	-61.83	-58.29
20760	-59.76	-61.77	-58.22
20800	-59.69	-61.73	-58.18
20840	-59.72	-61.72	-58.18
20880	-59.80	-61.75	-58.20
20920	-59.87	-61.79	-58.25
20960	-59.89	-61.82	-58.28
21000	-59.87	-61.83	-58.28
21040	-59.84	-61.82	-58.28
21080	-59.84	-61.82	-58.28
21120	-59.86	-61.84	-58.29
21160	-59.90	-61.86	-58.31
21200	-59.93	-61.87	-58.33
21240	-59.94	-61.85	-58.30
21280	-59.87	-61.80	-58.25
21320	-59.76	-61.73	-58.19
21360	-59.68	-61.70	-58.15
21400	-59.66	-61.70	-58.16
21440	-59.74	-61.73	-58.19
21480	-59.86	-61.77	-58.22
21520	-59.90	-61.76	-58.21
21560	-59.81	-61.71	-58.16
21600	-59.64	-61.64	-58.10
21640	-59.51	-61.57	-58.03
21680	-59.50	-61.54	-57.99
21720	-59.59	-61.56	-58.01
21760	-59.69	-61.63	-58.09
21800	-59.77	-61.72	-58.17
21840	-59.82	-61.77	-58.23
21880	-59.85	-61.77	-58.22
21920	-59.82	-61.71	-58.17
21960	-59.70	-61.63	-58.09
22000	-59.55	-61.56	-58.01
22040	-59.45	-61.49	-57.94
22080	-59.44	-61.47	-57.93
22120	-59.53	-61.51	-57.97
22160	-59.64	-61.60	-58.06
22200	-59.76	-61.72	-58.17
22240	-59.87	-61.83	-58.29
22280	-59.98	-61.93	-58.39
22320	-60.07	-61.98	-58.44
22360	-60.09	-62.00	-58.45
22400	-60.05	-61.98	-58.43
22440	-59.96	-61.93	-58.38
22480	-59.87	-61.85	-58.31
22520	-59.81	-61.76	-58.22
22560	-59.73	-61.68	-58.14
22600	-59.64	-61.61	-58.07
22640	-59.56	-61.56	-58.01
22680	-59.52	-61.53	-57.99
22720	-59.54	-61.54	-57.99
22760	-59.60	-61.58	-58.04
22800	-59.69	-61.66	-58.11
22840	-59.78	-61.72	-58.18
22880	-59.84	-61.78	-58.24
22920	-59.88	-61.82	-58.27
22960	-59.88	-61.84	-58.30
23000	-59.88	-61.84	-58.29
23040	-59.87	-61.82	-58.28
23080	-59.84	-61.77	-58.23
23120	-59.77	-61.69	-58.15
23160	-59.64	-61.58	-58.04
23200	-59.49	-61.46	-57.91
23240	-59.34	-61.35	-57.81
23280	-59.26	-61.29	-57.74
23320	-59.26	-61.28	-57.74
23360	-59.34	-61.35	-57.81
23400	-59.49	-61.46	-57.92
23440	-59.64	-61.58	-58.03
23480	-59.77	-61.67	-58.12
23520	-59.81	-61.70	-58.16
23560	-59.76	-61.68	-58.13
23600	-59.66	-61.62	-58.07
23640	-59.55	-61.54	-57.99
23680	-59.47	-61.46	-57.92
23720	-59.43	-61.42	-57.87
23760	-59.43	-61.41	-57.87
23800	-59.45	-61.44	-57.90
23840	-59.51	-61.52	-57.98
23880	-59.64	-61.65	-58.10
23920	-59.82	-61.79	-58.24
23960	-60.00	-61.92	-58.38
24000	-60.13	-62.02	-58.48
24040	-60.17	-62.09	-58.55
24080	-60.16	-62.13	-58.58
24120	-60.15	-62.13	-58.59
24160	-60.15	-62.11	-58.56
24200	-60.14	-62.05	-58.50
24240	-60.05	-61.97	-58.42
24280	-59.91	-61.87	-58.33
24320	-59.77	-61.78	-58.24
24360	-59.69	-61.72	-58.17
24400	-59.69	-61.70	-58.16
24440	-59.77	-61.76	-58.21
24480	-59.87	-61.83	-58.29
24520	-59.97	-61.87	-58.33
24560	-59.99	-61.87	-58.32
24600	-59.91	-61.82	-58.27
24640	-59.76	-61.74	-58.20
24680	-59.64	-61.70	-58.16
24720	-59.66	-61.72	-58.18
24760	-59.80	-61.80	-58.25
24800	-59.99	-61.91	-58.37
24840	-60.14	-62.02	-58.48
24880	-60.19	-62.10	-58.55
24920	-60.16	-62.11	-58.57
24960	-60.12	-62.09	-58.54
25000	-60.08	-62.05	-58.50
25040	-60.04	-62.01	-58.46
25080	-60.01	-61.98	-58.43
25120	-59.98	-61.96	-58.42
25160	-59.97	-61.95	-58.41
25200	-59.99	-61.96	-58.41
25240	-60.01	-61.96	-58.41
25280	-60.01	-61.95	-58.41
25320	-59.99	-61.96	-58.42
25360	-59.99	-62.00	-58.46
25400	-60.05	-62.06	-58.52
25440	-60.18	-62.15	-58.61
25480	-60.32	-62.23	-58.68
25520	-60.38	-62.27	-58.73
25560	-60.36	-62.27	-58.72
25600	-60.26	-62.21	-58.67
25640	-60.14	-62.13	-58.58
25680	-60.05	-62.04	-58.49
25720	-59.99	-61.96	-58.42
25760	-59.94	-61.91	-58.37
25800	-59.90	-61.89	-58.35
25840	-59.90	-61.90	-58.36
25880	-59.94	-61.94	-58.40
25920	-60.03	-61.99	-58.45
25960	-60.12	-62.05	-58.51
26000	-60.17	-62.10	-58.56
26040	-60.18	-62.11	-58.56
26080	-60.14	-62.09	-58.55
26120	-60.09	-62.06	-58.52
26160	-60.04	-62.03	-58.48
26200	-60.02	-61.99	-58.44
26240	-60.01	-61.97	-58.42
26280	-59.99	-61.95	-58.41
26320	-59.97	-61.95	-58.40
26360	-59.97	-61.95	-58.41
26400	-59.99	-61.96	-58.42
26440	-60.02	-61.99	-58.44
26480	-60.06	-62.02	-58.48
26520	-60.10	-62.04	-58.50
26560	-60.11	-62.04	-58.50
26600	-60.08	-62.02	-58.47
26640	-60.02	-61.98	-58.43
26680	-59.96	-61.95	-58.40
26720	-59.93	-61.93	-58.38
26760	-59.94	-61.93	-58.39
26800	-59.99	-61.97	-58.43
26840	-60.07	-62.04	-58.50
26880	-60.15	-62.10	-58.56
26920	-60.22	-62.13	-58.58
26960	-60.22	-62.12	-58.57
27000	-60.14	-62.07	-58.53
27040	-60.02	-62.01	-58.46
27080	-59.94	-61.96	-58.42
27120	-59.93	-61.94	-58.40
27160	-59.98	-61.95	-58.41
27200	-60.05	-61.98	-58.44
27240	-60.08	-62.02	-58.47
27280	-60.08	-62.04	-58.49
27320	-60.07	-62.04	-58.49
27360	-60.06	-62.01	-58.47
27400	-60.03	-61.96	-58.42
27440	-59.97	-61.88	-58.34
27480	-59.84	-61.77	-58.23
27520	-59.68	-61.63	-58.09
27560	-59.51	-61.46	-57.91
27600	-59.31	-61.30	-57.75
27640	-59.16	-61.17	-57.62
27680	-59.06	-61.09	-57.55
27720	-59.04	-61.09	-57.54
27760	-59.14	-61.15	-57.61
27800	-59.29	-61.28	-57.73
27840	-59.47	-61.40	-57.86
27880	-59.61	-61.50	-57.95
27920	-59.65	-61.50	-57.95
27960	-59.53	-61.39	-57.84
28000	-59.28	-61.23	-57.68
28040	-59.02	-61.08	-57.53
28080	-58.87	-60.98	-57.44
28120	-58.91	-60.97	-57.43
28160	-59.08	-61.04	-57.50
28200	-59.25	-61.15	-57.61
28240	-59.35	-61.27	-57.72
28280	-59.40	-61.38	-57.84
28320	-59.47	-61.50	-57.95
28360	-59.62	-61.60	-58.06
28400	-59.78	-61.69	-58.15
28440	-59.89	-61.77	-58.22
28480	-59.89	-61.81	-58.27
28520	-59.84	-61.82	-58.27
28560	-59.81	-61.78	-58.24
28600	-59.79	-61.72	-58.18
28640	-59.74	-61.64	-58.10
28680	-59.62	-61.54	-57.99
28720	-59.44	-61.40	-57.85
28760	-59.25	-61.24	-57.70
28800	-59.10	-61.11	-57.56
28840	-59.00	-61.02	-57.47
28880	-58.97	-60.98	-57.44
28920	-59.01	-61.01	-57.46
28960	-59.09	-61.08	-57.53
29000	-59.21	-61.19	-57.64
29040	-59.34	-61.30	-57.75
29080	-59.47	-61.39	-57.85
29120	-59.54	-61.45	-57.90
29160	-59.54	-61.46	-57.91
29200	-59.48	-61.42	-57.87
29240	-59.39	-61.34	-57.79
29280	-59.27	-61.25	-57.71
29320	-59.19	-61.17	-57.63
29360	-59.13	-61.11	-57.57
29400	-59.09	-61.07	-57.52
29440	-59.08	-61.03	-57.48
29480	-59.04	-60.99	-57.45
29520	-58.99	-60.95	-57.40
29560	-58.94	-60.90	-57.35
29600	-58.87	-60.85	-57.30
29640	-58.83	-60.84	-57.29
29680	-58.86	-60.88	-57.33
29720	-58.95	-60.97	-57.42
29760	-59.12	-61.08	-57.53
29800	-59.28	-61.17	-57.63
29840	-59.35	-61.23	-57.69
29880	-59.33	-61.24	-57.70
29920	-59.24	-61.20	-57.65
29960	-59.14	-61.12	-57.57
30000	-59.06	-61.04	-57.50
30040	-59.01	-61.01	-57.47
30080	-59.02	-61.06	-57.51
30120	-59.12	-61.16	-57.61
30160	-59.31	-61.30	-57.75
30200	-59.53	-61.46	-57.91
30240	-59.71	-61.60	-58.06
30280	-59.80	-61.69	-58.14
30320	-59.79	-61.72	-58.18
30360	-59.75	-61.72	-58.18
30400	-59.72	-61.70	-58.16
30440	-59.70	-61.69	-58.14
30480	-59.73	-61.67	-58.12
30520	-59.71	-61.65	-58.11
30560	-59.68	-61.63	-58.08
30600	-59.63	-61.60	-58.06
30640	-59.58	-61.57	-58.02
30680	-59.57	-61.53	-57.99
30720	-59.56	-61.53	-57.98
30760	-59.56	-61.52	-57.98
30800	-59.56	-61.51	-57.96
30840	-59.53	-61.46	-57.92
30880	-59.47	-61.41	-57.87
30920	-59.38	-61.35	-57.80
30960	-59.30	-61.28	-57.73
31000	-59.23	-61.20	-57.65
31040	-59.17	-61.12	-57.57
31080	-59.09	-61.06	-57.51
31120	-59.02	-61.02	-57.47
31160	-58.99	-61.01	-57.47
31200	-59.04	-61.06	-57.51
31240	-59.17	-61.17	-57.62
31280	-59.34	-61.31	-57.77
31320	-59.53	-61.48	-57.94
31360	-59.70	-61.63	-58.09
31400	-59.83	-61.75	-58.21
31440	-59.91	-61.83	-58.29
31480	-59.93	-61.87	-58.32
31520	-59.92	-61.86	-58.31
31560	-59.87	-61.80	-58.26
31600	-59.78	-61.73	-58.18
31640	-59.67	-61.64	-58.10
31680	-59.57	-61.58	-58.04
31720	-59.54	-61.56	-58.01
31760	-59.58	-61.57	-58.02
31800	-59.65	-61.62	-58.07
31840	-59.74	-61.70	-58.16
31880	-59.82	-61.79	-58.25
31920	-59.92	-61.85	-58.31
31960	-59.97	-61.86	-58.31
32000	-59.92	-61.78	-58.24
32040	-59.75	-61.63	-58.09
32080	-59.47	-61.45	-57.91
32120	-59.23	-61.29	-57.74
32160	-59.10	-61.18	-57.64
32200	-59.13	-61.11	-57.57
32240	-59.17	-61.09	-57.54
32280	-59.18	-61.06	-57.52
32320	-59.08	-61.00	-57.45
32360	-58.91	-60.87	-57.33
32400	-58.74	-60.74	-57.19
32440	-58.62	-60.63	-57.09
32480	-58.56	-60.59	-57.05
32520	-58.59	-60.63	-57.08
32560	-58.73	-60.73	-57.18
32600	-58.91	-60.86	-57.32
32640	-59.07	-60.99	-57.44
32680	-59.18	-61.08	-57.54
32720	-59.21	-61.13	-57.59
32760	-59.19	-61.12	-57.58
32800	-59.12	-61.08	-57.54
32840	-59.06	-61.04	-57.50
32880	-59.02	-61.01	-57.46
32920	-59.01	-60.98	-57.44
32960	-59.01	-60.99	-57.45
33000	-59.05	-61.06	-57.51
33040	-59.14	-61.17	-57.62
33080	-59.32	-61.32	-57.78
33120	-59.55	-61.49	-57.94
33160	-59.75	-61.65	-58.10
33200	-59.87	-61.77	-58.23
33240	-59.92	-61.85	-58.30
33280	-59.91	-61.85	-58.31
33320	-59.88	-61.81	-58.27
33360	-59.81	-61.75	-58.21
33400	-59.72	-61.68	-58.13
33440	-59.62	-61.59	-58.04
33480	-59.53	-61.48	-57.94
33520	-59.43	-61.36	-57.82
33560	-59.29	-61.23	-57.69
33600	-59.14	-61.10	-57.55
33640	-58.98	-60.97	-57.43
33680	-58.86	-60.86	-57.32
33720	-58.79	-60.78	-57.24
33760	-58.76	-60.73	-57.19
33800	-58.74	-60.70	-57.16
33840	-58.72	-60.70	-57.16
33880	-58.73	-60.72	-57.17
33920	-58.77	-60.76	-57.22
33960	-58.85	-60.81	-57.27
34000	-58.93	-60.87	-57.32
34040	-58.99	-60.91	-57.37
34080	-59.00	-60.93	-57.39
34120	-58.97	-60.95	-57.41
34160	-58.98	-60.97	-57.42
34200	-59.00	-60.99	-57.45
34240	-59.06	-61.04	-57.49
34280	-59.15	-61.11	-57.56
34320	-59.22	-61.21	-57.66
34360	-59.34	-61.32	-57.77
34400	-59.47	-61.44	-57.90
34440	-59.61	-61.55	-58.00
34480	-59.72	-61.64	-58.10
34520	-59.78	-61.71	-58.17
34560	-59.79	-61.73	-58.19
34600	-59.77	-61.70	-58.16
34640	-59.70	-61.63	-58.08
34680	-59.59	-61.54	-57.99
34720	-59.46	-61.46	-57.91
34760	-59.37	-61.40	-57.86
34800	-59.37	-61.40	-57.86
34840	-59.46	-61.45	-57.90
34880	-59.58	-61.49	-57.95
34920	-59.64	-61.51	-57.96
34960	-59.58	-61.47	-57.93
35000	-59.44	-61.37	-57.83
35040	-59.26	-61.24	-57.69
35080	-59.10	-61.10	-57.56
35120	-59.00	-60.98	-57.43
35160	-58.91	-60.89	-57.35
35200	-58.86	-60.84	-57.30
35240	-58.83	-60.81	-57.26
35280	-58.81	-60.78	-57.23
35320	-58.80	-60.76	-57.21
35360	-58.79	-60.75	-57.21
35400	-58.78	-60.76	-57.22
35440	-58.80	-60.78	-57.23
35480	-58.83	-60.77	-57.23
35520	-58.84	-60.75	-57.20
35560	-58.78	-60.71	-57.16
35600	-58.69	-60.67	-57.12
35640	-58.61	-60.62	-57.07
35680	-58.58	-60.56	-57.02
35720	-58.58	-60.53	-56.99
35760	-58.57	-60.53	-56.99
35800	-58.56	-60.57	-57.02
35840	-58.61	-60.61	-57.07
35880	-58.69	-60.64	-57.10
35920	-58.76	-60.67	-57.12
35960	-58.77	-60.70	-57.16
36000	-58.75	-60.74	-57.19
36040	-58.75	-60.76	-57.21
36080	-58.81	-60.77	-57.22
36120	-58.86	-60.78	-57.24
36160	-58.86	-60.80	-57.26
36200	-58.84	-60.84	-57.29
36240	-58.86	-60.88	-57.33
36280	-58.94	-60.93	-57.38
36320	-59.05	-60.97	-57.43
36360	-59.11	-61.02	-57.47
36400	-59.11	-61.02	-57.47
36440	-59.02	-61.00	-57.46
36480	-58.97	-60.99	-57.45
36520	-58.99	-61.01	-57.47
36560	-59.07	-61.05	-57.51
36600	-59.19	-61.11	-57.57
36640	-59.25	-61.15	-57.61
36680	-59.24	-61.15	-57.61
36720	-59.16	-61.10	-57.56
36760	-59.05	-61.03	-57.48
36800	-58.96	-60.96	-57.41
36840	-58.92	-60.91	-57.36
36880	-58.91	-60.88	-57.33
36920	-58.90	-60.86	-57.31
36960	-58.90	-60.85	-57.31
37000	-58.88	-60.85	-57.30
37040	-58.86	-60.84	-57.30
37080	-58.88	-60.86	-57.31
37120	-58.91	-60.90	-57.35
37160	-58.98	-60.96	-57.41
37200	-59.07	-61.02	-57.48
37240	-59.14	-61.05	-57.50
37280	-59.14	-61.00	-57.46
37320	-59.01	-60.88	-57.34
37360	-58.77	-60.73	-57.18
37400	-58.53	-60.57	-57.03
37440	-58.39	-60.47	-56.93
37480	-58.40	-60.43	-56.88
37520	-58.49	-60.42	-56.88
37560	-58.54	-60.43	-56.89
37600	-58.52	-60.42	-56.87
37640	-58.40	-60.38	-56.84
37680	-58.32	-60.32	-56.78
37720	-58.27	-60.28	-56.73
37760	-58.28	-60.26	-56.72
37800	-58.32	-60.26	-56.71
37840	-58.31	-60.26	-56.72
37880	-58.30	-60.21	-56.66
37920	-58.20	-60.13	-56.59
37960	-58.07	-60.00	-56.45
38000	-57.89	-59.84	-56.29
38040	-57.68	-59.67	-56.13
38080	-57.52	-59.51	-55.97
38120	-57.39	-59.36	-55.82
38160	-57.26	-59.22	-55.68
38200	-57.15	-59.13	-55.58
38240	-57.05	-59.11	-55.56
38280	-57.08	-59.16	-55.62
38320	-57.26	-59.31	-55.76
38360	-57.54	-59.48	-55.94
38400	-57.80	-59.63	-56.09
38440	-57.90	-59.72	-56.18
38480	-57.83	-59.74	-56.20
38520	-57.69	-59.72	-56.18
38560	-57.64	-59.71	-56.17
38600	-57.73	-59.72	-56.18
38640	-57.84	-59.76	-56.21
38680	-57.91	-59.80	-56.25
38720	-57.89	-59.82	-56.27
38760	-57.81	-59.82	-56.27
38800	-57.79	-59.79	-56.24
38840	-57.80	-59.77	-56.23
38880	-57.83	-59.77	-56.22
38920	-57.83	-59.76	-56.22
38960	-57.79	-59.74	-56.20
39000	-57.74	-59.72	-56.18
39040	-57.72	-59.73	-56.19
39080	-57.76	-59.76	-56.22
39120	-57.85	-59.81	-56.26
39160	-57.94	-59.85	-56.30
39200	-57.96	-59.86	-56.32
39240	-57.90	-59.86	-56.32
39280	-57.85	-59.86	-56.32
39320	-57.85	-59.86	-56.31
39360	-57.90	-59.88	-56.33
39400	-57.98	-59.94	-56.39
39440	-58.06	-60.03	-56.49
39480	-58.14	-60.14	-56.60
39520	-58.29	-60.26	-56.72
39560	-58.43	-60.38	-56.83
39600	-58.56	-60.48	-56.94
39640	-58.64	-60.57	-57.03
39680	-58.67	-60.63	-57.09
39720	-58.70	-60.67	-57.12
39760	-58.73	-60.72	-57.18
39800	-58.80	-60.81	-57.27
39840	-58.93	-60.93	-57.38
39880	-59.10	-61.04	-57.50
39920	-59.24	-61.16	-57.62
39960	-59.32	-61.28	-57.74
40000	-59.26	-61.22	-57.68
